tree
version=v4
num_class=1
num_tree_per_iteration=1
label_index=0
max_feature_idx=29
objective=binary sigmoid:1
feature_names=start_dow hour_block event_count avg_impact_score avg_duration peak_hour_pct rain_pct fog_pct avg_visibility avg_lane_block road_closure_pct tech_hub_pct corroborated_pct ipl_pct holiday_pct bucket_sparsity event_count_trend high_impact_trend ewma_event_count ewma_high_impact_count ewma_avg_impact_score lag1_event_count lag2_event_count lag4_event_count lag1_high_impact_count lag2_high_impact_count lag4_high_impact_count roll3_event_count zone_enc corridor_enc
feature_infos=[0:6] [0:20] [1:53] [0:7.2789000000000001] [0:1439.8] [0:1] [0:1] [0:1] [0.29999999999999999:1] [0.5:3] [0:1] [0:1] [0:1] [0:1] [0:1] none [-52:52] [-53:52] [0:27.25] [0:26.75] [0:5.6117294736842105] [0:53] [0:53] [0:53] [0:53] [0:53] [0:53] [0:19] [0:9] [0:21]
tree_sizes=1680 1695 1705 1700 1716 1709 1719 1714 1717 1714 1706 1719 1719 1727 1718 1722 1721 1727 1723 1722 1709 1723 1725 1718 1718 1716 1722 1729 1712 1707 1706 1726

Tree=0
num_leaves=15
num_cat=0
split_feature=18 28 18 29 20 16 28 19 20 20 5 29 8 16
split_gain=6530.79 1662.13 866.308 523.023 494.039 369.604 345.421 309.074 325.923 290.603 228.775 176.799 139.147 130.037
threshold=1.6813967535381524 1.5000000000000002 1.0002747850558082 10.500000000000002 0.944666150397938 -1.0000000180025095e-35 1.5000000000000002 0.6800269629766883 0.55950204124036396 0.72861742113465489 0.2678571428571429 15.500000000000002 0.74166666666666681 -1.4999999999999998
decision_type=2 2 2 2 2 2 2 2 2 2 2 2 2 2
left_child=2 3 -1 -2 5 6 13 8 10 -3 11 12 -7 -4
right_child=1 9 4 -5 -6 7 -8 -9 -10 -11 -12 -13 -14 -15
leaf_value=-2.6390919046315693 -2.3551972206432055 -2.3733731662414379 -2.1648340255442942 -2.0202275939904841 -2.6157340057600029 -2.5960732500020183 -2.7060276316865872 -2.303276266584585 -2.7426933194458298 -2.7406365538039594 -2.7379346472538755 -2.6287897381917151 -2.2507485803825613 -2.5178275600411446
leaf_weight=74.018807619810104 16.076319605112076 28.749762549996376 4.1617947965860358 152.58844716846943 32.884373873472214 4.196554481983191 17.828560680150986 82.279561758041382 8.9497084170579893 6.2825767695903769 4.3859498202800742 5.619024693965911 19.930179879069328 8.8556791394948977
leaf_count=1097 147 278 15 490 472 57 287 698 151 106 74 81 143 108
internal_value=-2.3273 -2.11523 -2.49307 -2.04995 -2.43652 -2.39955 -2.56076 -2.36128 -2.47848 -2.43875 -2.40974 -2.36144 -2.30439 -2.37503
internal_weight=466.807 203.697 263.11 168.665 189.091 156.207 30.846 125.361 43.0814 35.0323 34.1317 29.7458 24.1267 13.0175
internal_count=4204 1021 3183 637 2086 1614 410 1204 506 384 355 281 200 123
is_linear=0
shrinkage=1


Tree=1
num_leaves=15
num_cat=0
split_feature=28 18 20 18 16 18 28 11 1 20 7 29 7 28
split_gain=2023.65 760.428 407.223 251.776 217.01 221.033 172.914 161.991 154.488 135.3 118.89 91.3262 119.272 87.7452
threshold=1.5000000000000002 1.0781347771438166 0.7792485147929058 1.0002747850558082 -1.0000000180025095e-35 1.7009582668542864 8.5000000000000018 0.47222222222222227 6.0000000000000009 0.35623918097352208 0.41428571428571431 10.500000000000002 0.17424242424242428 1.0000000180025095e-35
decision_type=2 2 2 2 2 2 2 2 2 2 2 2 2 2
left_child=1 10 3 8 5 -5 7 -6 -2 -10 -1 12 -3 -13
right_child=2 11 -4 4 6 -7 -8 -9 9 -11 -12 13 -14 -15
leaf_value=-0.049924708562109246 -0.019969826161427149 0.30427006240461352 0.025437832468026403 -0.049995584993583059 0.27178081180915398 0.24954658481932246 0.020380224966753804 0.13411269720840058 0.065557774702564617 0.29482230685905331 0.17491386319460683 0.23109772399911188 0.093171621129583548 0.36509263478458731
leaf_weight=13.597047366201879 22.698267057538033 40.370473276823759 55.781777754426003 15.573206022381784 107.95356414094567 8.9047078341245633 9.5760164596140367 30.63013618811965 18.069633856415752 9.7699995711445791 8.931165147572754 19.852451127022505 9.3698867708444578 274.77388510107994
leaf_count=211 351 230 799 264 701 59 115 282 249 88 95 123 95 542
internal_value=0.249196 0.326375 0.146875 0.176967 0.205699 0.064393 0.22844 0.24255 0.0766843 0.153535 0.0427506 0.344745 0.267173 0.356885
internal_weight=645.852 366.895 278.957 223.176 172.638 24.4779 148.16 138.584 50.5379 27.8396 22.5282 344.367 49.7404 294.626
internal_count=4204 1296 2908 2109 1421 323 1098 983 688 337 306 990 325 665
is_linear=0
shrinkage=0.05


Tree=2
num_leaves=15
num_cat=0
split_feature=28 18 4 3 20 23 28 4 18 19 28 23 7 23
split_gain=1049.22 396.663 276.573 405.564 211.295 137.066 105.636 102.04 98.5908 106.719 105.577 101.706 95.0964 86.1585
threshold=1.5000000000000002 1.0781347771438166 97.15000000000002 0.11260000000000002 0.91979394856668006 2.5000000000000004 8.5000000000000018 1.6500000000000001 2.0000305175781254 0.84389686584472667 4.5000000000000009 1.0000000180025095e-35 0.41428571428571431 1.0000000180025095e-35
decision_type=2 2 2 2 2 2 2 2 2 2 2 2 2 2
left_child=1 12 3 4 5 6 7 8 9 10 -2 -11 -1 -14
right_child=2 -3 -4 -5 -6 -7 -8 -9 -10 11 -12 -13 13 -15
leaf_value=-0.049596556627197946 -0.049983366799370044 0.25245090647674173 -0.026903222192105215 0.21315764398546247 -0.051290162529331475 0.2611184105112207 -0.049392895292119529 -0.049373732935105448 -0.048987204738998313 0.020920898240697879 0.11475819704933006 0.20046311589146579 -0.042140653350929924 0.241642742688672
leaf_weight=13.023789428174497 12.231886535882948 443.87477771937847 27.676673091948032 109.49193628504872 22.457614824175835 13.175309874117373 11.067600153386591 9.078000180423258 7.6080633476376525 9.5346817895770055 38.539263967424631 54.056167479604483 3.6852653101086599 6.6676611229777336
leaf_count=211 175 990 358 785 352 62 163 115 84 124 364 326 51 44
internal_value=0.194289 0.241892 0.123108 0.137614 0.0901331 0.110799 0.095118 0.107623 0.119635 0.131202 0.0748212 0.174322 0.0391711 0.145592
internal_weight=782.169 467.251 314.917 287.241 177.749 155.291 142.116 131.048 121.97 114.362 50.7712 63.5908 23.3767 10.3529
internal_count=4204 1296 2908 2550 1765 1413 1351 1188 1073 989 539 450 306 95
is_linear=0
shrinkage=0.05


Tree=3
num_leaves=15
num_cat=0
split_feature=18 18 16 20 28 20 28 4 19 19 19 17 20 1
split_gain=716.346 200.39 219.815 154.95 99.8751 106.722 92.3456 89.0181 88.4632 141.498 99.0474 77.4735 98.3474 89.0582
threshold=1.5596160888671877 1.0002747850558082 -1.0000000180025095e-35 0.68492329460013679 1.5000000000000002 0.91979394856668006 1.5000000000000002 88.750000000000014 0.7496938705444337 0.77947544585913431 1.0222259323203755 -1.0000000180025095e-35 0.54191204204919252 14.000000000000002
decision_type=2 2 2 2 2 2 2 2 2 2 2 2 2 2
left_child=1 11 6 -4 -2 7 -3 -6 -5 -10 -11 12 -1 -13
right_child=4 2 3 8 5 -7 -8 -9 9 10 -12 13 -14 -15
leaf_value=0.2235554603672584 0.2063905361683824 0.097252436193145012 0.16416626624846656 -0.050183732233583071 0.17330308845960707 -0.046206005434329268 -0.051227924161134898 -0.04532652914306079 0.3229131651539966 -0.050421107494285328 0.13506706905323065 -0.0063495443067811425 -0.043957990161561593 0.14582092699597277
leaf_weight=9.8203853555023652 457.381356947124 18.481063008308411 192.89525244012475 12.609810691326855 63.578086819499731 6.5889889374375334 21.68993392214179 4.6020090617239466 5.0026140399277201 12.426236845552923 14.829288247972725 62.209411755204201 4.5920067988336077 10.352194681763647
leaf_count=70 705 110 956 177 347 107 341 52 15 169 128 857 68 102
internal_value=0.160234 0.105783 0.12648 0.144693 0.197299 0.139661 0.0177242 0.158068 0.0591673 0.102212 0.05162 0.0389283 0.140838 0.0170134
internal_weight=897.059 364.908 277.934 237.763 532.15 74.7691 40.171 68.1801 44.8679 32.2581 27.2555 86.974 14.4124 72.5616
internal_count=4204 2993 1896 1445 1211 506 451 399 489 312 297 1097 138 959
is_linear=0
shrinkage=0.05


Tree=4
num_leaves=15
num_cat=0
split_feature=18 23 20 16 19 19 19 29 25 28 29 29 29 22
split_gain=502.389 149.956 144.545 146.318 100.938 115.942 120.45 79.5118 78.2525 75.4374 73.6046 123.601 73.3927 119.976
threshold=1.5596160888671877 1.0000000180025095e-35 0.68492329460013679 -1.0000000180025095e-35 0.77127857743471406 0.81250462681441615 1.0222259323203755 10.500000000000002 1.0000000180025095e-35 3.5000000000000004 6.5000000000000009 14.500000000000002 10.500000000000002 2.5000000000000004
decision_type=2 2 2 2 2 2 2 2 2 2 2 2 2 2
left_child=1 9 3 8 -4 -6 -7 -5 -3 -1 -11 -12 13 -2
right_child=12 2 4 7 5 6 -8 -9 -10 10 11 -13 -14 -15
leaf_value=-0.052100027899605217 0.069441111461112121 0.13649494857719377 -0.051562350303313124 0.16813521719164864 0.26908032030322282 -0.051323400789642037 0.11582683128253074 0.10735946786003712 -0.052027265689157623 -0.049714065511142214 0.15588128128496059 -0.049093598026604873 0.17338856049700982 0.19117998388428092
leaf_weight=21.375825494527817 51.50275507196784 6.9181751981377628 19.981141600757837 106.93813090771437 5.9977507553994647 17.560879249125719 25.105932779610157 128.88822219520807 17.057955302298069 10.828944999724625 23.783659137785435 9.8716328851878625 513.06788633018732 34.671529300510883
leaf_count=302 316 44 289 435 24 253 197 727 225 151 206 140 788 107
internal_value=0.137033 0.0927877 0.106569 0.123606 0.0412054 0.0796165 0.0473737 0.135523 0.0055567 0.0234555 0.0601641 0.096005 0.16594 0.120082
internal_weight=993.55 394.308 328.448 259.802 68.6457 48.6646 42.6668 235.826 23.9761 65.8601 44.4842 33.6553 599.242 86.1743
internal_count=4204 2993 2194 1431 763 474 450 1162 269 799 497 346 1211 423
is_linear=0
shrinkage=0.05


Tree=5
num_leaves=15
num_cat=0
split_feature=28 4 3 18 20 4 28 7 21 26 7 9 10 9
split_gain=403.974 157.792 201.076 145.763 120.306 82.3025 83.4116 69.107 67.8779 53.5993 60.8873 74.9271 46.6376 44.7864
threshold=1.5000000000000002 97.15000000000002 0.11260000000000002 1.0781347771438166 0.91979394856668006 1.6500000000000001 8.5000000000000018 0.41428571428571431 2.5000000000000004 1.0000000180025095e-35 0.31662735849056606 1.1291666666666669 0.70833333333333337 2.7916666666666674
decision_type=2 2 2 2 2 2 2 2 2 2 2 2 2 2
left_child=3 2 4 7 5 6 8 -1 9 -2 -11 -12 -3 -4
right_child=1 12 13 -5 -6 -7 -8 -9 -10 10 11 -13 -14 -15
leaf_value=-0.050036370971352898 0.053885619547833642 -0.053166650327534516 0.14307612592842833 0.14852771230396358 -0.051205492049205985 -0.051875444039225074 -0.050214924525098417 0.10611126977574968 -0.050965523421995035 0.13299931752860006 0.12274661141835848 -0.053092847624071085 0.12218098668842786 0.056329088695828027
leaf_weight=13.486476331949236 59.629666671156883 26.382642023265365 135.00004960596561 643.37923426181078 21.905402582138777 12.239699289202688 11.185253635048864 12.964225694537161 7.9074660316109648 87.729718677699566 11.495152372866871 10.910901267081497 3.4325307495892039 18.820493176579475
leaf_count=211 520 338 658 990 352 139 146 95 70 385 52 101 20 127
internal_value=0.119882 0.0802227 0.0889732 0.1438 0.0581972 0.0703211 0.0784852 0.0274824 0.0868371 0.0935313 0.114296 0.0384026 -0.0295884 0.132911
internal_weight=1076.47 406.639 376.824 669.83 223.003 201.098 188.858 26.4507 177.673 169.765 110.136 22.4061 29.8152 153.821
internal_count=4204 2908 2550 1296 1765 1413 1274 306 1128 1058 538 153 358 785
is_linear=0
shrinkage=0.05


Tree=6
num_leaves=15
num_cat=0
split_feature=27 23 11 1 29 9 1 29 25 19 19 19 3 16
split_gain=279.689 107.469 74.1538 70.0565 63.4973 62.7043 62.2438 52.7675 75.7559 62.8739 112.943 64.2011 59.4258 47.6248
threshold=1.5833333333333337 1.0000000180025095e-35 0.77500000000000013 1.0000000180025095e-35 20.500000000000004 1.6339285714285716 14.000000000000002 10.500000000000002 1.0000000180025095e-35 0.87280273437500011 1.1564803142100575 1.2300088405609133 0.091850000000000015 -1.0000000180025095e-35
decision_type=2 2 2 2 2 2 2 2 2 2 2 2 2 2
left_child=1 6 4 -4 13 -5 -1 8 -2 -10 -11 -12 -13 -3
right_child=7 2 3 5 -6 -7 -8 -9 9 10 11 12 -14 -15
leaf_value=-0.0041843818954499226 -0.010505790605924326 0.030627976504925422 -0.052575408388285019 0.10747732964855852 -0.048307265904404484 -0.012115456911804115 0.11594066569256192 0.13238845527091136 0.17254929982508616 -0.055578593039360719 0.20436520328383342 -0.0067645101125818705 0.1177622347656733 0.1051333790611283
leaf_weight=57.853829968720675 15.160843603312967 24.414000377058983 15.961274672299622 30.432908348739147 6.883651338517665 16.487742949277163 12.227093461900948 593.2424620129168 27.531107660382986 11.846545439213513 13.17101753875613 14.060344468802212 28.152041897177696 280.24823054671288
leaf_count=698 103 204 197 173 82 151 95 848 54 95 27 104 94 1279
internal_value=0.106615 0.0752524 0.0858709 0.0355297 0.0958775 0.0660248 0.018075 0.126302 0.0925331 0.108982 0.0807666 0.110444 0.0770296 0.0992908
internal_weight=1147.67 444.509 374.428 62.8819 311.546 46.9207 70.0809 703.164 109.922 94.7611 67.2299 55.3834 42.2124 304.662
internal_count=4204 2879 2086 521 1565 324 793 1325 477 374 320 225 198 1483
is_linear=0
shrinkage=0.05


Tree=7
num_leaves=15
num_cat=0
split_feature=28 4 4 23 23 19 20 28 5 19 17 28 25 20
split_gain=288.426 118.298 104.916 94.9165 80.1844 62.9745 60.9192 60.9713 48.4796 46.2165 62.5732 53.2158 57.3374 46.6035
threshold=1.5000000000000002 97.15000000000002 19.750000000000004 1.0000000180025095e-35 2.5000000000000004 1.4999520788673535 0.85164774551387212 8.5000000000000018 0.93750000000000011 0.84389686584472667 1.5000000000000002 4.5000000000000009 1.0000000180025095e-35 0.52241316553307493
decision_type=2 2 2 2 2 2 2 2 2 2 2 2 2 2
left_child=3 2 4 5 6 -1 7 9 -5 11 13 -2 -13 -11
right_child=1 -3 -4 8 -6 -7 -8 -9 -10 10 -12 12 -14 -15
leaf_value=-0.052605181483186381 -0.052345399855955071 -0.030337561717367362 0.1026420240214881 0.12160598342043226 0.13347706986378624 0.097293974903646163 -0.0270010410681721 -0.051018238735466237 0.064899337858434158 0.060064421047978322 -0.052550943623727343 0.081131652593077419 -0.020453774618089979 0.1288356425218346
leaf_weight=13.561096880584957 15.73913913220167 30.29766657948494 162.27342594787478 685.83970534056425 25.748066529631615 12.554508022963999 27.927865512669086 12.987634241580961 43.984302032738924 66.901981670409441 7.9257065281271926 41.583796359598637 20.055976010859013 42.012234155088663
leaf_count=180 188 358 726 953 82 20 392 169 143 381 62 246 168 136
internal_value=0.0959852 0.0642062 0.0710369 0.114935 0.0510515 0.020294 0.041488 0.0508165 0.118285 0.0578656 0.0776558 0.0273416 0.0482396 0.0875456
internal_weight=1209.39 453.453 423.156 755.94 260.882 26.1156 235.134 207.206 729.824 194.219 116.84 77.3789 61.6398 108.914
internal_count=4204 2908 2550 1296 1824 200 1742 1350 1096 1181 579 602 414 517
is_linear=0
shrinkage=0.05


Tree=8
num_leaves=15
num_cat=0
split_feature=18 18 16 1 20 20 20 29 7 17 1 28 25 19
split_gain=245.837 74.6051 98.8608 60.8748 54.9363 59.6713 62.6161 46.6826 67.82 45.5937 56.0451 46.1322 44.2703 43.9141
threshold=1.5596160888671877 1.0002747850558082 -1.0000000180025095e-35 10.000000000000002 0.7792485147929058 1.1271187592634606 1.1926687145726087 10.500000000000002 0.55000000000000016 -1.0000000180025095e-35 14.000000000000002 7.5000000000000009 1.0000000180025095e-35 0.87280273437500011
decision_type=2 2 2 2 2 2 2 2 2 2 2 2 2 2
left_child=1 9 3 -3 -4 -6 -7 8 12 11 -11 -1 -2 -14
right_child=7 2 4 -5 5 6 -8 -9 -10 10 -12 -13 13 -15
leaf_value=0.012889209271914524 -0.0024094889291819271 -0.034255559497268689 0.0869314307640493 0.084279677268726913 -0.052464955557363871 0.17024663385132774 0.015860056382343803 0.11016562391801221 -0.053477959316852425 -0.013153633256150949 0.09243983435644966 0.16413623628937624 0.1518979599462148 0.07298357255201858
leaf_weight=10.424689322710039 12.573136709630488 33.757404576987028 293.98164110630751 14.733788371086119 14.98518071696162 8.9231778159737605 20.254224732518196 658.33589013293386 8.9471631422638875 70.696781560778618 14.236956365406511 9.1891686171293241 26.210768010467291 64.324180122464895
leaf_count=103 75 369 1020 82 179 35 211 788 73 857 102 35 29 246
internal_value=0.0873088 0.0594474 0.0695728 0.00268541 0.0791212 0.026301 0.0672351 0.104969 0.0737135 0.0216736 0.00538704 0.0883952 0.0851821 0.0972672
internal_weight=1261.57 491.183 386.635 48.4912 338.144 44.1626 29.1774 770.391 112.055 104.548 84.9337 19.6139 103.108 90.5349
internal_count=4204 2993 1896 451 1445 425 246 1211 423 1097 959 138 350 275
is_linear=0
shrinkage=0.05


Tree=9
num_leaves=15
num_cat=0
split_feature=28 3 3 18 3 7 28 21 17 18 18 18 18 18
split_gain=225.794 86.6147 88.6286 80.8891 57.1763 51.474 48.7646 43.15 45.0301 49.0408 51.9988 102.137 77.9542 87.2317
threshold=1.5000000000000002 1.4213500000000001 0.11260000000000002 1.0781347771438166 0.016450000000000003 0.41428571428571431 8.5000000000000018 2.5000000000000004 -1.0000000180025095e-35 1.0002747850558082 1.0432281494140627 1.1250000745099027 1.1407588515430691 1.3906593659194189
decision_type=2 2 2 2 2 2 2 2 2 2 2 2 2 2
left_child=3 2 4 5 6 -1 7 8 -2 -10 -11 -12 -13 -14
right_child=1 -3 -4 -5 -6 -7 -8 -9 9 10 11 12 13 -15
leaf_value=-0.050923571534239348 0.0019393851870727541 -0.05265597011814626 0.081417588441635713 0.099343100733406284 -0.0533716130194275 0.075525447073420557 -0.050544060081915636 -0.052502258388969436 0.008541180481545332 0.12110307511748059 -0.058137853528255672 0.1546325837281621 -0.056734811051875306 0.076334182761008354
leaf_weight=14.451704446226358 36.433449536561966 17.877660516649485 209.96037913486362 784.84499768912792 15.393975723534821 15.839502789080143 12.287226505577562 9.3351413011550886 34.573348946869373 43.344032645225525 16.056302025914192 22.684340927749872 14.78491600230336 57.579842645674944
leaf_count=211 316 229 914 990 173 95 167 83 390 128 120 28 130 230
internal_value=0.0800946 0.05309 0.0571996 0.0962502 0.0375819 0.0154182 0.043451 0.0485741 0.0529837 0.0627471 0.074732 0.0557007 0.0753621 0.0487099
internal_weight=1305.45 490.311 472.433 815.136 262.473 30.2912 247.079 234.791 225.456 189.023 154.449 111.105 95.0491 72.3648
internal_count=4204 2908 2679 1296 1765 306 1592 1425 1342 1026 636 508 388 360
is_linear=0
shrinkage=0.05


Tree=10
num_leaves=15
num_cat=0
split_feature=28 4 18 4 23 7 20 28 29 8 22 29 16 18
split_gain=199.33 86.6665 68.8943 63.8753 54.9738 45.7112 44.3355 45.7337 37.8028 39.2802 50.7349 35.1892 51.5659 44.889
threshold=1.5000000000000002 97.15000000000002 1.0781347771438166 19.750000000000004 2.5000000000000004 0.41428571428571431 0.85164774551387212 8.5000000000000018 10.500000000000002 0.89087301587301593 2.5000000000000004 2.5000000000000004 -1.0000000180025095e-35 1.0668249130249026
decision_type=2 2 2 2 2 2 2 2 2 2 2 2 2 2
left_child=2 3 5 4 6 -1 7 -2 9 10 -4 13 -13 -5
right_child=1 -3 8 11 -6 -7 -8 -9 -10 -11 -12 12 -14 -15
leaf_value=-0.050564553682139725 0.044047420586014255 -0.031306609485524411 -0.028036362242122654 0.013491814855932378 0.10218357437761226 0.068522758068151848 -0.027254512919191339 -0.050950649901491646 0.096305029191019284 0.082470411931980292 0.09418719542677946 -0.05170448354366014 0.070956691996115026 0.13686235543125536
leaf_weight=13.848959837108852 214.89030686020851 30.936947658658028 21.535592511296272 9.3690039664506894 30.0011937469244 16.664848916232586 28.048104520887136 12.62023079395294 686.55399858951569 86.784207411110401 12.665464729070662 8.4398431293666345 131.27524559572339 39.258219569921494
leaf_count=211 1181 358 119 51 82 95 392 169 665 188 18 83 523 69
internal_value=0.0739 0.0489072 0.0888763 0.0542039 0.0390462 0.0145052 0.0312551 0.0385669 0.091662 0.0647201 0.0185448 0.0768448 0.0632145 0.113894
internal_weight=1342.89 504.839 838.053 473.902 285.56 30.5138 255.559 227.511 807.539 120.985 34.2011 188.342 139.715 48.6272
internal_count=4204 2908 1296 2550 1824 306 1742 1350 990 325 137 726 606 120
is_linear=0
shrinkage=0.05


Tree=11
num_leaves=15
num_cat=0
split_feature=28 4 3 20 20 19 4 28 21 10 0 0 0 29
split_gain=179.238 75.2929 76.6194 68.9557 61.7236 120.53 51.7599 40.9361 40.0096 38.131 34.6235 33.709 34.829 29.4328
threshold=1.5000000000000002 97.15000000000002 0.11260000000000002 0.91979394856668006 0.15669957642015428 1.4747748368683278 1.6500000000000001 8.5000000000000018 2.5000000000000004 0.70833333333333337 1.0000000180025095e-35 5.5000000000000009 4.5000000000000009 7.5000000000000009
decision_type=2 2 2 2 2 2 2 2 2 2 2 2 2 2
left_child=4 2 3 6 5 -1 7 8 11 -3 -6 12 -2 -4
right_child=1 9 13 -5 10 -7 -8 -9 -10 -11 -12 -13 -14 -15
leaf_value=-0.063292474814917635 0.046839572428627331 -0.053434100706898781 0.095291274048378311 -0.051268189794198872 0.033857896507180206 0.080880150543322954 -0.053405811786165769 -0.049445101911811465 -0.052373827511351528 0.095873638756650753 0.088695025253390541 -0.015314143965863931 0.095677677691006546 0.056303463064573234
leaf_weight=20.464214917272329 154.13417448475957 26.061283297836784 86.206309638917446 21.847059413790703 31.770401701331139 44.131138771772385 13.289149202406405 10.157056909054516 8.4826411306858045 4.1265010200440875 759.00237120687962 15.975883178412912 49.48227883502841 128.25256308168173
leaf_count=180 823 338 244 352 84 46 139 146 70 20 986 102 133 541
internal_value=0.0686099 0.0452426 0.0499892 0.032233 0.0826889 0.0348987 0.0396701 0.0450741 0.0494918 -0.0305247 0.0865406 0.0536577 0.0591299 0.0723566
internal_weight=1373.38 518.015 487.827 273.368 855.368 64.5954 251.521 238.232 228.075 30.1878 790.773 219.592 203.616 214.459
internal_count=4204 2908 2550 1765 1296 226 1413 1274 1128 358 1070 1058 956 785
is_linear=0
shrinkage=0.05


Tree=12
num_leaves=15
num_cat=0
split_feature=18 16 20 20 1 20 20 29 19 22 7 3 0 18
split_gain=169.97 53.2076 64.5181 65.5947 44.8489 43.5241 46.1561 41.2493 51.5852 41.3437 40.5238 39.7224 75.912 49.3501
threshold=1.5596160888671877 -1.0000000180025095e-35 0.7792485147929058 0.096004800453056982 10.000000000000002 1.1271187592634606 1.1926687145726087 10.500000000000002 1.9189807141474098 2.5000000000000004 0.17424242424242428 0.18915000000000004 5.5000000000000009 1.5000002980396101
decision_type=2 2 2 2 2 2 2 2 2 2 2 2 2 2
left_child=1 4 3 -3 -1 -4 -7 8 9 10 -2 12 13 -5
right_child=7 2 5 11 -6 6 -8 -9 -10 -11 -12 -13 -14 -15
leaf_value=-0.037036314319501377 0.049322200395131549 0.0047479378397493012 -0.054114350529950665 0.060607506072649121 0.058350755635254575 0.10751922384143853 -0.004848770364978881 0.082705471969061459 -0.059340552875232801 0.092727931498677127 -0.055735320787336763 0.081054836274793166 -0.058568970797258119 -0.059194997772541162
leaf_weight=35.804331362247467 56.276234544813633 58.58931390196085 22.613581463694572 196.6087891459465 17.525879889726639 12.352259613573549 28.583461850881577 719.40088982135057 9.0120787806808931 52.570429809391499 10.046219401061533 157.47479870542884 14.867041777819393 8.1998391970992071
leaf_count=369 199 551 270 751 82 51 319 788 59 90 75 443 109 48
internal_value=0.0639055 0.042196 0.0472579 0.0541072 -0.00514627 0.000144813 0.0307538 0.0779952 0.0510467 0.0598601 0.0327799 0.0617355 0.0475706 0.0555346
internal_weight=1399.93 552.619 499.289 435.74 53.3302 63.5493 40.9357 847.306 127.905 118.893 66.3225 377.15 219.676 204.809
internal_count=4204 2993 2542 1902 451 640 370 1211 423 364 274 1351 908 799
is_linear=0
shrinkage=0.05


Tree=13
num_leaves=15
num_cat=0
split_feature=18 11 28 28 25 18 29 24 29 29 8 8 20 3
split_gain=154.562 48.8904 58.8604 46.8966 46.5038 43.8538 71.2978 69.244 58.0453 37.9004 45.9836 36.8946 40.9027 29.4098
threshold=1.5596160888671877 0.77500000000000013 2.5000000000000004 8.5000000000000018 1.5000000000000002 1.0002747850558082 11.500000000000002 1.0000000180025095e-35 6.5000000000000009 10.500000000000002 0.72916666666666685 0.98708333333333342 0.64390178947368437 0.36785000000000007
decision_type=2 2 2 2 2 2 2 2 2 2 2 2 2 2
left_child=1 3 -3 4 5 6 7 8 -1 10 -2 -4 -13 -5
right_child=9 2 11 13 -6 -7 -8 -9 -10 -11 -12 12 -14 -15
leaf_value=-0.046572329916145766 -0.024972855716470847 -0.056090959142360647 -0.022477414764561783 -0.053644323295220231 -0.023378529081982999 0.061026603488625722 -0.053921488683378184 -0.020663231588875595 0.12277159214111917 0.077637581325199545 0.059490238518003551 0.079164410419359191 -0.0485829448206287 0.040401875262480007
leaf_weight=5.5667957402765742 18.176530938595533 26.395824626088142 20.648722819983959 17.923903010785583 20.089245907962322 345.19320326298475 22.681087478995323 20.980518154799938 27.650741018354893 727.87258416414261 112.08273624256253 35.464427407830954 6.8344336301088324 13.858503114432095
leaf_count=71 106 298 184 225 166 1118 264 211 144 788 317 146 90 76
internal_value=0.0597635 0.0392884 0.00526103 0.0456731 0.0498848 0.0534248 0.0189147 0.0498655 0.0937872 0.0731393 0.0475846 0.0315017 0.0578206 -0.0125784
internal_weight=1421.42 563.287 89.3434 473.944 442.162 422.072 76.8791 54.1981 33.2175 858.132 130.259 62.9476 42.2989 31.7824
internal_count=4204 2993 718 2275 1974 1808 690 426 215 1211 423 420 236 301
is_linear=0
shrinkage=0.05


Tree=14
num_leaves=15
num_cat=0
split_feature=28 4 28 29 4 7 1 19 17 20 20 1 19 28
split_gain=146.758 60.6848 51.6253 42.5202 42.3217 46.4401 60.6975 41.9405 39.4648 38.32 36.9374 33.9738 62.414 32.7373
threshold=1.5000000000000002 97.15000000000002 1.0000000180025095e-35 10.500000000000002 55.400000000000006 0.21111111111111114 6.0000000000000009 0.6800269629766883 -1.4999999999999998 1.4277917038711723 0.62373842105263166 1.0000000180025095e-35 1.2813758850097658 5.5000000000000009
decision_type=2 2 2 2 2 2 2 2 2 2 2 2 2 2
left_child=2 4 11 10 5 7 13 -2 -9 -10 -4 -1 -13 -7
right_child=1 -3 3 -5 -6 6 -8 8 9 -11 -12 12 -14 -15
leaf_value=0.062569725812249219 0.013230394614712522 -0.031683745548203274 0.06211717111279004 0.077475563457769792 0.071035145512972062 -0.023119072948139443 -0.058364307342124291 -0.05420265786701009 0.05976127396399903 -0.048961934600029684 0.0052248615313532955 -0.061221684576247451 0.071150352288411323 0.053070241029818471
leaf_weight=31.553021833300591 95.601264182478189 30.771331090480089 107.30864784866571 673.37357625365257 89.436644703149796 20.073542650789022 28.20559112355113 7.6166595406830302 230.82204181328416 7.657308015972375 39.131840627640486 21.13740298897028 13.901425078511236 42.670799944549799
leaf_count=86 624 358 274 576 273 176 254 69 869 101 165 176 19 184
internal_value=0.0560428 0.0357125 0.0686656 0.0721113 0.0397425 0.0331191 0.00131436 0.0415487 0.0524414 0.05607 0.0470699 0.0257692 -0.00811756 0.0286758
internal_weight=1439.26 552.855 886.406 819.814 522.084 432.647 90.9499 341.697 246.096 238.479 146.44 66.5918 35.0388 62.7443
internal_count=4204 2908 1296 1015 2550 2277 614 1663 1039 970 439 281 195 360
is_linear=0
shrinkage=0.05


Tree=15
num_leaves=15
num_cat=0
split_feature=28 3 23 3 20 4 19 5 28 20 20 4 23 20
split_gain=136.079 53.7809 50.1859 43.8123 52.606 41.7782 35.9747 35.5148 30.5689 29.1075 32.3564 27.7366 26.9811 31.3644
threshold=1.5000000000000002 1.4213500000000001 1.0000000180025095e-35 0.11260000000000002 0.91979394856668006 1.6500000000000001 1.4999520788673535 0.93750000000000011 8.5000000000000018 0.1419779819322097 0.09439824431733769 97.15000000000002 2.5000000000000004 0.93381491339544642
decision_type=2 2 2 2 2 2 2 2 2 2 2 2 2 2
left_child=2 3 6 4 5 8 -1 9 -2 10 -4 -5 13 -9
right_child=1 -3 7 11 -6 -7 -8 12 -10 -11 -12 -13 -14 -15
leaf_value=-0.054925722977431507 0.036817089089085944 -0.052762271530315243 0.064781966647521658 0.055752875344363163 -0.051205024249469946 -0.054076357964577992 0.052941534438757154 -0.039408937418743857 -0.049277028065122283 0.071611387135859433 -0.033763251435992542 -0.011289875960798829 0.066694991437448961 0.064709775540683009
leaf_weight=14.147227771580221 248.83358296751976 16.703563660383224 17.994660228490833 235.2584982663393 21.28890672326088 13.527325455099342 14.784196257591246 20.422973245382313 9.892341520637272 777.00822982192039 13.953721038997172 16.111890614032745 22.685413345694542 9.9192398190498334
leaf_count=180 1128 229 21 763 352 139 20 99 146 883 49 151 24 20
internal_value=0.0527404 0.0333608 0.0649031 0.0360972 0.0228389 0.0288041 3.89936e-05 0.0670747 0.0333386 0.0696826 0.0219472 0.0514181 0.0266905 -0.00431288
internal_weight=1452.53 561.616 890.916 544.913 293.542 272.253 28.9314 861.984 258.726 808.957 31.9484 251.37 53.0276 30.3422
internal_count=4204 2908 1296 2679 1765 1413 200 1096 1274 953 70 914 143 119
is_linear=0
shrinkage=0.05


Tree=16
num_leaves=15
num_cat=0
split_feature=28 3 27 29 28 3 4 5 21 21 17 29 29 3
split_gain=126.164 48.6157 45.2511 40.609 38.25 38.8865 38.5391 34.3354 38.9121 31.2676 30.4472 32.4701 31.8835 26.2575
threshold=1.5000000000000002 1.4213500000000001 2.4166666666666674 9.5000000000000018 8.5000000000000018 0.11260000000000002 1.6500000000000001 0.69047619047619058 1.5000000000000002 2.5000000000000004 -1.0000000180025095e-35 10.500000000000002 2.5000000000000004 0.36785000000000007
decision_type=2 2 2 2 2 2 2 2 2 2 2 2 2 2
left_child=2 4 3 -1 5 6 9 -5 -9 10 11 12 -2 -6
right_child=1 -3 -4 7 13 -7 -8 8 -10 -11 -12 -13 -14 -15
leaf_value=-0.022019944894661633 -0.053328747756207377 -0.052358505981635273 0.072174600530426777 0.05666497999201775 -0.054180266772693157 0.052190021285391054 -0.053512964281997769 -0.062516067847533871 0.049797443849501216 -0.054219894096613402 0.039518107119663921 -0.056152170315441965 0.068926596056247305 0.031815834291124945
leaf_weight=18.526576165109873 6.8691517524421242 16.01588211581111 472.23478853702545 374.1007234826684 19.387828022241592 234.53525777161121 14.090270306915043 12.757931567728521 16.547812461853027 10.008152369409798 219.76529495790601 17.899701196700335 16.074970234185457 14.805441565811632
leaf_count=140 58 229 352 682 244 788 158 90 32 82 1023 174 83 69
internal_value=0.0497092 0.0312178 0.0614347 0.0492663 0.033731 0.0371047 0.0245298 0.0525927 0.000371033 0.0287845 0.0321768 -0.00726491 0.031522 -0.0170275
internal_weight=1463.62 569.452 894.168 421.933 553.436 519.243 284.708 403.406 29.3057 270.617 260.609 40.8438 22.9441 34.1933
internal_count=4204 2908 1296 944 2679 2366 1578 804 122 1420 1338 315 141 313
is_linear=0
shrinkage=0.05


Tree=17
num_leaves=15
num_cat=0
split_feature=18 29 3 20 16 28 18 20 18 7 1 29 8 7
split_gain=121.954 51.1326 78.2254 46.8198 38.2857 37.3216 53.5717 57.0466 37.5991 49.7632 51.3833 34.9871 40.0428 34.3355
threshold=1.8750611481955277 10.500000000000002 0.091850000000000015 0.1958456799651713 1.0000000180025095e-35 5.5000000000000009 1.1308748876764414 0.77059457263157904 1.0039062523284346 0.55000000000000016 1.0000000180025095e-35 7.5000000000000009 0.40000000000000008 0.41428571428571431
decision_type=2 2 2 2 2 2 2 2 2 2 2 2 2 2
left_child=3 2 -2 4 -1 8 7 -7 13 -10 -11 -8 -13 -5
right_child=1 -3 -4 5 -6 6 11 -9 9 10 -12 12 -14 -15
leaf_value=-0.0078365621229558088 -0.063780523728979396 0.066394218086224074 0.051747392152366692 -0.032137594785689581 0.058072538639587168 0.051911554393352502 0.032527471053428673 -0.052511146974284155 0.057740886179697685 0.058569674350745754 -0.042286312583807578 0.087532209006934078 -0.062535225979992309 0.053914538393093181
leaf_weight=105.5598418302834 18.769426550716162 638.43534076213837 56.038302790373564 27.163077212870121 26.778831608593464 102.56935677677393 21.240155104547739 14.126966830343006 352.99702751636505 22.240381248295307 26.655637826770544 4.1495945267379275 36.269951604306698 18.698895040899515
leaf_count=791 125 580 119 274 57 361 95 173 962 82 162 10 292 121
internal_value=0.0469501 0.0618074 0.0222692 0.032912 0.00581695 0.0386166 0.0190994 0.0389104 0.0463255 0.0512092 0.00379242 -0.0183773 -0.0453271 0.00329613
internal_weight=1471.69 713.243 74.8077 758.45 132.339 626.111 178.356 116.696 447.755 401.893 48.896 61.6597 40.4195 45.862
internal_count=4204 824 244 3380 848 2532 931 534 1601 1206 244 397 302 395
is_linear=0
shrinkage=0.05


Tree=18
num_leaves=15
num_cat=0
split_feature=27 28 11 29 20 4 5 8 29 24 19 22 8 9
split_gain=112.478 40.8115 40.9632 39.2163 40.4582 49.5751 37.4215 55.1654 46.3494 51.0215 44.1834 37.7724 34.7263 32.4443
threshold=2.4166666666666674 8.5000000000000018 0.77500000000000013 13.500000000000002 0.24474403489440069 43.95000000000001 0.69047619047619058 0.89087301587301593 14.500000000000002 1.0000000180025095e-35 0.68779373168945324 1.5000000000000002 0.89087301587301593 2.7250000000000005
decision_type=2 2 2 2 2 2 2 2 2 2 2 2 2 2
left_child=1 2 6 4 -4 12 8 -8 -1 -10 -11 -9 -6 -12
right_child=-2 -3 3 -5 5 -7 7 11 9 10 13 -13 -14 -15
leaf_value=0.050794353557278266 0.064382290948894111 -0.017997611425217028 -0.060833008248612125 0.064336636628946203 -0.02911154600388334 -0.058081028931485368 -0.063168963068184245 0.046576304032480226 -0.039122105848536835 0.09755750467651314 2.6871025636008088e-05 -0.062316693646925242 0.049521486817070949 0.065860724919137636
leaf_weight=593.73150235414505 478.97600727900863 34.675439978018403 21.722120653837919 27.753595441579819 17.579823199659586 18.467283751815557 19.197823960334063 55.354168813675642 29.219727326184511 21.139234885573387 66.902568127959967 8.36840547993779 58.728856336325407 25.024252746254206
leaf_count=1620 408 325 183 132 134 199 138 197 213 46 273 56 225 55
internal_value=0.0444441 0.0348164 0.036737 0.0120408 -0.000837975 0.013378 0.0410641 0.00905722 0.0446494 0.0188148 0.0340211 0.0314954 0.0312316 0.0184909
internal_weight=1476.84 997.865 963.189 144.252 116.498 94.776 818.938 82.9204 736.017 142.286 113.066 63.7226 76.3087 91.9268
internal_count=4204 3796 3471 873 741 558 2598 391 2207 587 374 253 359 328
is_linear=0
shrinkage=0.05


Tree=19
num_leaves=15
num_cat=0
split_feature=18 29 3 20 16 16 20 0 3 18 3 28 18 29
split_gain=109.589 47.7142 69.7221 39.1569 33.7119 32.8009 32.6361 32.7304 30.8486 44.0213 29.8836 28.7642 50.9974 51.338
threshold=1.8750611481955277 10.500000000000002 0.091850000000000015 0.1958456799651713 -1.0000000180025095e-35 1.0000000180025095e-35 1.1926687145726087 5.5000000000000009 0.22893333333333335 1.6918335925591672 0.47155000000000008 5.5000000000000009 1.1308748876764414 7.5000000000000009
decision_type=2 2 2 2 2 2 2 2 2 2 2 2 2 2
left_child=3 2 -2 5 -4 -1 7 11 9 -9 -6 -5 -13 -14
right_child=1 -3 4 6 10 -7 -8 8 -10 -11 -12 12 13 -15
leaf_value=-0.008418925797358515 -0.063496852102289988 0.060786312271130877 0.081446678219592866 0.048250802564772682 0.041109196882805205 0.051951983812167063 -0.0080522422176904276 -0.061958648598443571 0.04430633083008146 0.059368999370575049 -0.065217683468750329 0.041634053834894318 0.04196612572177915 -0.062216664153237691
leaf_weight=105.96249232254922 18.550641611218452 632.55462947487831 29.95780623704195 386.51385020278394 18.431029088795189 27.491439424455166 42.395561564713717 25.358380179852247 23.998322371393442 9.5197697132825834 9.0138342157006246 104.86867170780897 18.88856240734458 28.338471943512559
leaf_count=791 125 580 27 1114 43 57 416 197 73 16 49 416 70 230
internal_value=0.0420721 0.0562885 0.0184946 0.0289883 0.0456679 0.00429275 0.0341201 0.0371252 0.00165345 -0.0280416 0.00503483 0.0409878 0.0223197 -0.0204905
internal_weight=1481.84 708.508 75.9533 773.336 57.4027 133.454 639.882 597.486 58.8765 34.8781 27.4449 538.61 152.096 47.227
internal_count=4204 824 244 3380 119 848 2532 2116 286 213 92 1830 716 300
is_linear=0
shrinkage=0.05


Tree=20
num_leaves=15
num_cat=0
split_feature=18 29 3 20 20 0 4 4 18 4 29 3 18 10
split_gain=103.32 43.6207 63.9014 34.5544 28.8989 28.5743 27.9353 42.0755 48.008 40.4937 36.6213 27.9299 40.9934 27.119
threshold=1.8750611481955277 10.500000000000002 0.091850000000000015 0.1958456799651713 1.1926687145726087 5.5000000000000009 55.400000000000006 63.150000000000013 1.2900414532017777 1.6500000000000001 6.5000000000000009 0.22893333333333335 1.6918335925591672 0.70833333333333337
decision_type=2 2 2 2 2 2 2 2 2 2 2 2 2 2
left_child=3 2 -2 6 5 -5 9 -8 -9 10 -1 12 -7 -12
right_child=1 -3 -4 4 -6 11 7 8 -10 -11 13 -13 -14 -15
leaf_value=-0.058391523182503992 -0.062489819854492749 0.058149654590563829 0.043214991123805557 0.038454051686676122 -0.0077008001819611179 -0.061126277517593058 0.15242884607456753 -0.056060448815382635 0.078596804005069187 -0.06244874837935132 0.012973801577439742 0.041587944067805985 0.056213001273706126 0.10781812473165092
leaf_weight=14.938613910228012 17.938760276883841 628.32576578855515 57.669980391860008 545.22740969620645 42.165506277233362 24.455044129863381 6.1108342334628132 11.907890334725382 12.611036889255045 25.047621976584196 54.849667329341173 24.344702839851379 9.6053594052791578 7.8338508978486052
leaf_count=131 125 580 119 1830 416 197 9 123 15 208 336 73 16 26
internal_value=0.0399373 0.0538306 0.0176147 0.0273283 0.0321066 0.0348995 0.0040936 0.0452124 0.0134669 -0.00846717 0.0094929 0.00158608 -0.0273047 0.0263731
internal_weight=1483.03 703.935 75.6087 779.098 645.798 603.633 133.3 30.6298 24.5189 102.67 77.6221 58.4051 34.0604 62.6835
internal_count=4204 824 244 3380 2532 2116 848 147 138 701 493 286 213 362
is_linear=0
shrinkage=0.05


Tree=21
num_leaves=15
num_cat=0
split_feature=27 18 28 18 18 11 0 19 8 19 17 29 29 19
split_gain=97.739 37.0966 29.9823 39.614 50.2328 39.2728 32.6319 27.0328 24.2709 36.8891 23.03 26.348 34.7364 43.2808
threshold=2.4166666666666674 1.0002747850558082 7.5000000000000009 1.1308748876764414 1.7641606339702778 0.77500000000000013 2.5000000000000004 0.91405737533932563 0.89087301587301593 1.5377320836131014 -1.0000000180025095e-35 14.500000000000002 13.500000000000002 0.65405273437500011
decision_type=2 2 2 2 2 2 2 2 2 2 2 2 2 2
left_child=1 10 5 6 -5 -3 -4 -6 9 -7 -1 12 13 -12
right_child=-2 2 3 4 7 8 -8 -9 -10 -11 11 -13 -14 -15
leaf_value=0.044669693315632322 0.056867455947192891 0.041441182983943198 -0.024477708331993576 -0.061024746734238224 0.077497821058127456 -0.059509473146328866 0.055700644437757185 -0.019140825663543477 0.023915117196074021 0.051981661468352647 0.025005810695332416 -0.054105939697492382 0.094901133062583909 -0.054743554267809372
leaf_weight=26.230153918266296 467.36762663722038 641.71031494066119 16.123702615499496 32.099535902962089 13.545133464038374 23.175417836755514 50.708650421351194 13.708477649837731 88.269047927111387 9.791467968374489 43.313859723508358 22.076788878068328 8.7724055089056474 26.616401074454188
leaf_count=138 408 1480 78 277 21 211 166 62 382 22 344 266 40 309
internal_value=0.0379318 0.0291726 0.0327802 0.0100786 -0.0194556 0.0365135 0.0362446 0.0298434 0.0102848 -0.0257665 0.0038393 -0.00709765 0.00657063 -0.00565649
internal_weight=1483.51 1016.14 889.132 126.186 59.3531 762.946 66.8324 27.2536 121.236 32.9669 127.01 100.779 78.7027 69.9303
internal_count=4204 3796 2699 604 360 2095 244 83 615 233 1097 959 693 653
is_linear=0
shrinkage=0.05


Tree=22
num_leaves=15
num_cat=0
split_feature=27 18 28 3 11 26 0 28 18 18 0 18 3 18
split_gain=92.4523 33.1342 26.8909 28.4364 28.3098 27.3948 40.2363 39.0532 32.9612 37.6144 31.9542 25.1081 29.5041 34.6519
threshold=2.4166666666666674 1.0002747850558082 8.5000000000000018 1.0981000000000003 0.77500000000000013 1.0000000180025095e-35 1.0000000180025095e-35 1.0000000180025095e-35 1.0104507461946926 1.1016846022102984 1.5000000000000002 2.0404118249437078 0.20560000000000003 1.1562538146972658
decision_type=2 2 2 2 2 2 2 2 2 2 2 2 2 2
left_child=1 -1 4 -4 5 8 -7 10 -3 -10 -8 12 13 -11
right_child=-2 2 3 -5 -6 6 7 -9 9 11 -12 -13 -14 -15
leaf_value=0.0036326421062905598 0.054607169248133504 0.072518581201509238 -0.056288608930409711 0.076102635671266378 0.00976387788833398 -0.037792179290141135 0.060879185326095597 0.046823501725645179 -0.064081951722221725 0.066499241767220288 -0.044936568039283704 -0.043678676718820218 0.047650595219671354 -0.018991789894882913
leaf_weight=126.88599437661469 462.54139546304941 24.032273903489113 15.766678486019375 4.3979871049523345 121.21367628127337 14.85273193195462 9.5623713657259959 520.93152660503983 14.270069785416124 14.410715252161024 21.03718388453126 13.798692494630812 68.691718176007271 50.333907943218946
leaf_count=1097 408 44 164 12 615 55 13 1163 89 22 89 49 142 242
internal_value=0.0360551 0.0275961 0.0309893 -0.025064 0.0323139 0.035928 0.0414002 0.0436019 0.0190772 0.0107123 -0.0109099 0.0183617 0.0250731 0.000720638
internal_weight=1482.73 1020.19 893.3 20.1647 873.135 751.921 566.384 551.531 185.537 161.505 30.5996 147.235 133.436 64.7446
internal_count=4204 3796 2699 176 2523 1908 1320 1265 588 544 102 455 406 264
is_linear=0
shrinkage=0.05


Tree=23
num_leaves=15
num_cat=0
split_feature=18 29 4 16 23 28 1 29 29 0 28 0 19 9
split_gain=88.4609 41.4817 55.3257 28.3571 27.1307 39.2524 38.3598 35.1253 53.474 26.0716 23.6048 35.7258 30.6704 28.9003
threshold=1.8750611481955277 10.500000000000002 7.9500000000000011 -1.0000000180025095e-35 1.0000000180025095e-35 3.5000000000000004 14.000000000000002 10.500000000000002 11.500000000000002 1.0000000180025095e-35 5.5000000000000009 4.5000000000000009 1.4576873779296877 2.077380952380953
decision_type=2 2 2 2 2 2 2 2 2 2 2 2 2 2
left_child=4 2 -2 -4 5 -1 7 -7 9 -9 13 12 -12 -6
right_child=1 -3 3 -5 10 6 -8 8 -10 -11 11 -13 -14 -15
leaf_value=-0.0553544063611109 -0.062937787626121552 0.051754320084260091 0.068127464950885397 -0.00053780522569567052 0.020084938037690764 -0.054588495316435171 0.087718843851300757 0.12880847334745163 -0.051399594483430039 0.01332781476960811 -0.014199028133520197 0.03697768938141896 0.07799395618575751 0.044047548968139172
leaf_weight=24.740311620756984 17.62073590233922 611.36834646016359 30.811471424996853 28.346817631274462 262.15832054615021 19.385076679289341 14.005464036017655 10.478062443435197 11.954182824119924 9.0494392998516542 106.55275601521134 78.639663245528936 8.8484835699200612 247.69256456941366
leaf_count=305 121 580 29 94 1005 215 54 28 150 55 602 300 17 649
internal_value=0.0342819 0.047406 0.0125291 0.0357216 0.0228518 -0.0030051 0.0174587 -0.00315658 0.0291416 0.0786705 0.0261468 0.0112072 -0.00649926 0.0317946
internal_weight=1481.65 688.147 76.779 59.1583 793.504 89.6125 64.8722 50.8668 31.4817 19.5275 703.892 194.041 115.401 509.851
internal_count=4204 824 244 123 3380 807 502 448 233 83 2573 919 619 1654
is_linear=0
shrinkage=0.05


Tree=24
num_leaves=15
num_cat=0
split_feature=18 29 3 16 3 20 22 18 1 8 20 0 3 18
split_gain=83.6255 38.1038 52.0496 26.9823 26.2946 26.2586 25.3675 34.3778 38.4821 29.47 23.9837 26.0972 23.9326 35.3644
threshold=1.8750611481955277 10.500000000000002 0.091850000000000015 -1.0000000180025095e-35 0.47155000000000008 0.1958456799651713 1.5000000000000002 1.1384782791137698 10.000000000000002 0.94365079365079374 1.1926687145726087 5.5000000000000009 0.22893333333333335 1.6918335925591672
decision_type=2 2 2 2 2 2 2 2 2 2 2 2 2 2
left_child=5 2 -2 -4 -5 6 7 8 -1 -10 11 -7 13 -13
right_child=1 -3 3 4 -6 10 -8 -9 9 -11 -12 12 -14 -15
leaf_value=-0.041671476962481802 -0.061834344474342086 0.049716841250925028 0.066317159328033407 0.032127750498147832 -0.066453556758408222 0.031537984356954298 -0.062931266525728738 0.042112060309583858 -0.051808196826913545 0.057233683794283854 -0.010050701280349253 -0.061490160039408173 0.032973130385489026 0.046964315749169691
leaf_weight=44.322153687477112 17.352650590240955 604.81089286506176 30.483873501420021 19.219354137778286 9.1639337502419931 560.20533126592636 12.769570484757422 46.237314291298389 7.4171290844678905 23.39469075948 43.299795441329479 24.529275119304657 25.263670898973942 9.7783468291163427
leaf_count=464 125 580 27 43 49 1830 98 97 72 117 416 197 73 16
internal_value=0.0326496 0.0455203 0.0119758 0.0344445 -0.000793893 0.0216083 0.00140006 0.00864779 -0.0121959 0.0301027 0.0256844 0.0281972 -0.00317982 -0.030053
internal_weight=1478.25 681.031 76.2198 58.8672 28.3833 797.217 134.141 121.371 75.134 30.8118 663.076 619.777 59.5713 34.3076
internal_count=4204 824 244 119 92 3380 848 750 653 189 2532 2116 286 213
is_linear=0
shrinkage=0.05


Tree=25
num_leaves=15
num_cat=0
split_feature=27 18 18 28 4 11 3 4 20 1 0 8 0 0
split_gain=80.5892 26.0748 41.6713 33.3259 37.3126 29.4922 29.0844 48.6767 28.2622 27.5271 26.7404 23.9282 22.2033 32.5185
threshold=2.4166666666666674 1.0163974761962893 1.0248313640768176 7.5000000000000009 72.350000000000009 0.77500000000000013 0.37150000000000005 55.400000000000006 0.22937760829603668 10.000000000000002 4.5000000000000009 0.89087301587301593 1.5000000000000002 2.5000000000000004
decision_type=2 2 2 2 2 2 2 2 2 2 2 2 2 2
left_child=1 6 -3 5 -5 -4 7 12 -7 -8 11 -10 -1 -14
right_child=-2 2 3 4 -6 8 9 -9 10 -11 -12 -13 13 -15
leaf_value=-0.023366991741939895 0.048875742358205139 0.088700563963383883 0.033266504927842555 -0.017614170111283769 0.054281595093140983 -0.064865392156805604 -0.059895146397047197 0.093431277607018026 -0.023905907168714838 0.022066110799003405 -0.036846041031367981 0.042532562140489089 0.058262956470048227 -0.0027549441821676868
leaf_weight=41.814420679584146 445.60115872323513 25.84956618770957 600.64620299264789 79.822339959442616 22.232442025095224 11.891257446259258 26.411350024864078 17.330423198640347 16.794371616095304 15.628483440726994 19.508677788078785 58.370414774864912 33.93084516748786 57.823866518214345
leaf_count=451 408 44 1344 442 73 77 263 38 119 79 137 189 150 390
internal_value=0.0311124 0.0233705 0.0271962 0.0251215 -0.00155281 0.028971 0.006744 0.0170034 0.00465232 -0.0295629 0.0139968 0.0275362 0.00644779 0.0201674
internal_weight=1473.66 1028.05 835.115 809.266 102.055 707.211 192.939 150.9 106.565 42.0398 94.6735 75.1648 133.569 91.7547
internal_count=4204 3796 2425 2381 515 1866 1371 1029 522 342 445 308 991 540
is_linear=0
shrinkage=0.05


Tree=26
num_leaves=15
num_cat=0
split_feature=27 23 20 22 17 18 20 18 1 18 9 23 22 25
split_gain=76.6063 30.4653 47.9222 24.6346 32.5633 37.841 35.4957 42.4666 31.3511 31.3346 30.8096 29.8577 27.873 24.1726
threshold=2.8333333333333335 2.5000000000000004 0.56389829098693911 2.5000000000000004 -1.0000000180025095e-35 1.0002747850558082 0.51526397323818562 1.0248313640768176 10.000000000000002 2.4447673262526366 2.6458333333333335 1.5000000000000002 1.0000000180025095e-35 1.5000000000000002
decision_type=2 2 2 2 2 2 2 2 2 2 2 2 2 2
left_child=1 3 -3 4 6 8 7 -1 -6 -7 -11 -9 -10 -4
right_child=-2 2 13 -5 5 9 -8 11 12 10 -12 -13 -14 -15
leaf_value=0.054175808140787707 0.049663013029176729 0.052454376524231607 -0.047194733880881232 0.041067297645042827 -0.031387353489916905 0.027704015339464684 -0.045944310356058643 -0.047085900181171203 0.05955801407519206 -0.085372804557297233 0.035142431299072373 0.02533291722350154 -0.020672882469110667 0.035122027238748681
leaf_weight=33.565389882773161 360.53725366666913 160.61774953454733 19.808382343500853 112.63770693913102 58.030158771201968 552.39379358664155 39.196125738322735 32.041905220597982 23.709268566220999 11.4540784470737 8.4458329528570157 24.10570277646184 18.500336788594723 14.645869620144365
leaf_count=105 297 175 99 210 665 1656 333 206 143 64 12 61 151 27
internal_value=0.0296415 0.0230923 0.041031 0.0192207 0.0160998 0.0205085 -0.00686235 0.0105035 -0.00774689 0.0254668 -0.0348705 -0.0160515 0.0246706 -0.0121292
internal_weight=1469.69 1109.15 195.072 914.08 801.443 672.533 128.909 89.713 100.24 572.294 19.8999 56.1476 42.2096 34.4543
internal_count=4204 3907 301 3606 3396 2691 705 372 959 1732 76 267 294 126
is_linear=0
shrinkage=0.05


Tree=27
num_leaves=15
num_cat=0
split_feature=18 29 25 3 18 29 16 16 3 19 19 20 1 20
split_gain=71.4325 32.5464 35.6488 35.5875 36.9303 27.4476 21.2231 38.3629 44.6031 31.832 21.7851 45.154 31.829 30.2105
threshold=1.6813967535381524 10.500000000000002 1.0000000180025095e-35 0.091850000000000015 1.7641606339702778 19.500000000000004 -1.0000000180025095e-35 -1.4999999999999998 1.4948500000000002 0.21668034791946414 0.63130569458007824 0.55950204124036396 18.000000000000004 0.096004800453056982
decision_type=2 2 2 2 2 2 2 2 2 2 2 2 2 2
left_child=5 2 -2 4 -4 6 7 -1 9 -9 11 -8 -13 -12
right_child=1 -3 3 -5 -6 -7 10 8 -10 -11 13 12 -14 -15
leaf_value=0.042463199447814091 -0.064773182171256202 0.043276966324068793 0.048869127582086135 0.043119507190954642 -0.0649517532601641 -0.05334437706262684 0.019270092547300041 0.069322073072538501 0.068551791635413126 -0.06150139347209075 -0.018110743854410027 -0.057809324098340047 0.070030698562312074 0.032104592126502803
leaf_weight=27.144381005316973 11.898370806127785 644.32900455221534 10.495725244283678 68.310327041894197 17.958500429987907 12.700473744422196 169.29864167608321 4.3490691930055609 8.9088920019566995 42.99542942084372 31.844997562468052 33.331597061827779 4.789095561951398 375.48212341591716
leaf_count=80 74 692 19 117 119 155 769 8 24 381 254 324 15 1173
internal_value=0.0282757 0.0390076 0.0135055 0.0237205 -0.0226488 0.0168652 0.0182205 -0.00536861 -0.0288315 -0.0482469 0.0214282 0.00816814 -0.0403053 0.0281379
internal_weight=1463.84 752.992 108.663 96.7646 28.4542 710.845 698.144 83.3978 56.2534 47.3445 614.746 207.419 38.1207 407.327
internal_count=4204 1021 329 255 138 3183 3028 493 413 389 2535 1108 339 1427
is_linear=0
shrinkage=0.05


Tree=28
num_leaves=15
num_cat=0
split_feature=23 22 28 17 20 18 3 1 28 29 3 9 4 8
split_gain=70.6134 36.453 24.8005 23.522 37.174 33.9732 32.6486 28.2888 28.4533 30.17 27.9278 22.2741 19.5346 41.2287
threshold=2.5000000000000004 2.5000000000000004 1.5000000000000002 -1.0000000180025095e-35 0.51526397323818562 1.0002747850558082 0.14985000000000001 10.000000000000002 3.5000000000000004 14.500000000000002 0.52565000000000006 2.9375000000000004 97.15000000000002 0.62916666666666676
decision_type=2 2 2 2 2 2 2 2 2 2 2 2 2 2
left_child=1 3 -3 4 6 7 11 -5 -9 -10 -8 -1 -7 -14
right_child=-2 2 -4 5 -6 12 10 8 9 -11 -12 -13 13 -15
leaf_value=-0.044100029345628941 0.044798231140081378 0.04555108971575577 -0.0036943292450043238 -0.030799723113506757 -0.045260454785414017 0.02581572048720376 0.059406822587911551 -0.050924362483763197 0.065770694309698882 -0.05038918196390102 -0.02191030488431257 0.035458974663029989 0.054296316686110013 -0.048018988909656592
leaf_weight=28.546675898134708 402.80623245984316 181.95572693645954 29.444949086755514 56.966165067628026 37.656394597142935 571.53308699466288 39.404085516929626 9.3761245533823949 27.56142732873559 6.139401849359273 13.645957488566635 11.629599699750541 14.713637683540581 25.401187524199486
leaf_count=192 456 172 137 665 335 1536 68 111 128 55 68 45 53 183
internal_value=0.0269942 0.0201514 0.0386951 0.0154556 -0.00398386 0.0190346 0.0129656 -0.0078925 0.0223554 0.0436951 0.0384251 -0.020708 0.0234487 -0.0100223
internal_weight=1456.78 1053.97 211.401 842.574 130.883 711.691 93.2263 100.043 43.077 33.7008 53.05 40.1763 611.648 40.1148
internal_count=4204 3748 309 3439 708 2731 373 959 294 183 136 237 1772 236
is_linear=0
shrinkage=0.05


Tree=29
num_leaves=15
num_cat=0
split_feature=27 23 19 19 19 29 4 4 8 4 8 2 3 3
split_gain=67.4108 24.3114 24.9526 29.6284 27.6836 23.3358 19.7003 29.1747 36.4496 47.3025 35.4355 28.0588 25.531 21.358
threshold=2.8333333333333335 2.5000000000000004 1.9641721248626711 1.3437557220477181 1.291239719385554 19.500000000000004 18.950000000000003 97.15000000000002 0.74166666666666681 56.20000000000001 0.51666666666666672 7.5000000000000009 0.45060000000000006 0.13135000000000002
decision_type=2 2 2 2 2 2 2 2 2 2 2 2 2 2
left_child=1 2 3 4 5 6 13 8 9 -8 -9 -12 -11 -1
right_child=-2 -3 -4 -5 -6 -7 7 10 -10 12 11 -13 -14 -15
leaf_value=0.0095150457115459643 0.045080867640587968 0.035941030031784137 -0.030682334194721179 0.035769542698372389 -0.072840917947706307 -0.052599967959842765 -0.064646827247485009 0.044705224153263487 0.039164369771996388 0.079508304476610669 -0.062401987480428758 0.068508767362918693 -0.01556391963577111 -0.063985341674333313
leaf_weight=359.10902612097561 344.35446745157242 190.93678442388773 26.521049022674561 180.66939937695861 8.27094743773341 11.870372995734213 20.421854866668582 16.9098577555269 224.55464564450085 13.719612412154676 26.260065104812387 3.9483803659677497 12.975417530164121 9.1663599852472526
leaf_count=1743 297 301 93 378 53 152 134 76 549 25 273 2 66 62
internal_value=0.0257706 0.0197171 0.016291 0.0177299 0.0130738 0.0141966 0.0154291 0.0245169 0.0308033 -0.00897888 -0.0115634 -0.0435643 0.0343137 0.00751054
internal_weight=1449.69 1105.33 914.397 887.876 707.207 698.936 687.065 318.79 271.672 47.1169 47.1183 30.2084 26.695 368.275
internal_count=4204 3907 3606 3513 3135 3082 2930 1125 774 225 351 275 91 1805
is_linear=0
shrinkage=0.05


Tree=30
num_leaves=15
num_cat=0
split_feature=27 23 20 16 19 19 18 19 20 4 29 4 18 7
split_gain=63.8569 22.3322 43.8543 27.1002 22.5539 26.7848 26.4815 25.6229 25.4032 44.9393 21.6666 19.7352 20.6071 23.1972
threshold=2.8333333333333335 2.5000000000000004 0.56389829098693911 -1.4999999999999998 1.9641721248626711 1.3437557220477181 2.5002445927821104 1.291239719385554 0.32758373432528287 25.200000000000006 19.500000000000004 6.9000000000000012 1.7188129648857287 0.77500000000000013
decision_type=2 2 2 2 2 2 2 2 2 2 2 2 2 2
left_child=1 4 -3 -4 5 7 -6 10 -7 11 -1 12 -10 -14
right_child=-2 2 3 -5 6 8 -8 -9 9 -11 -12 -13 13 -15
leaf_value=0.01463066502177077 0.043576220929178906 0.04555589471054694 0.057627925617379741 -0.041435056207592365 0.0068047788716576523 0.053646588153821576 -0.095111285912516219 -0.071177863572268713 0.03992723404957893 -0.049033068074106428 -0.052118870049986027 0.065645036968412493 -0.074761786896490573 0.031116976423046002
leaf_weight=688.06778937764466 338.61463030800223 155.68721056729555 8.3100080937147123 25.992145236581564 17.719879910349849 85.47209981456399 8.815828971564768 8.0694797895848733 27.728817798197269 19.99946054071188 11.40205082669854 28.601505823433399 10.138859771192074 8.8258672691881657
leaf_count=2930 297 175 9 117 44 110 49 53 70 90 152 27 64 17
internal_value=0.0245881 0.0187321 0.0343272 -0.0164127 0.0154567 0.0168245 -0.029188 0.0123982 0.0339722 0.0159259 0.0134662 0.0336292 0.0130008 -0.0262718
internal_weight=1443.45 1104.83 189.989 34.3022 914.842 888.306 26.5357 707.539 180.767 95.2945 699.47 75.2951 46.6935 18.9647
internal_count=4204 3907 301 126 3606 3513 93 3135 378 268 3082 178 151 81
is_linear=0
shrinkage=0.05


Tree=31
num_leaves=15
num_cat=0
split_feature=28 20 18 4 3 20 5 4 10 21 11 9 0 28
split_gain=61.2241 34.0721 61.8883 30.7972 29.0763 33.0593 25.9448 25.3114 24.7934 22.824 17.5922 25.3538 16.5814 16.4071
threshold=1.5000000000000002 0.15669957642015428 1.9982435350557355 97.15000000000002 0.11260000000000002 0.91979394856668006 0.93750000000000011 1.6500000000000001 0.70833333333333337 2.5000000000000004 0.96666666666666679 2.4666666666666672 1.0000000180025095e-35 1.0000000180025095e-35
decision_type=2 2 2 2 2 2 2 2 2 2 2 2 2 2
left_child=1 2 -1 4 5 7 12 9 -5 -2 11 -8 -3 -14
right_child=3 6 -4 8 -6 -7 10 -9 -10 -11 -12 -13 13 -15
leaf_value=-0.071247353011227768 0.014640162733620378 0.00075397252627286101 0.03324855550492805 -0.054959834532558011 0.02648099983560543 -0.052161300856630448 -0.07984154730390014 -0.055651142091143496 0.054862279039373699 -0.05865261990719145 0.052280662840542072 0.0088438573298358306 0.011075385208672453 0.041688662607379474
leaf_weight=20.885704508051276 279.9602028131485 28.953995153307915 39.184525042772293 26.743092361837626 267.45149615779519 23.077829098328948 10.072862122207878 13.569988606497644 5.437299743294715 10.055874440819023 11.612170748412607 28.879951912909746 48.242199908941984 623.15358916670084
leaf_count=183 1202 71 43 338 785 352 60 139 20 72 12 68 147 712
internal_value=0.0234619 0.0325276 -0.00361422 0.0116856 0.0142862 0.00424392 0.0354231 0.00869708 -0.0352344 0.0118974 0.000767037 -0.0154512 0.037917 0.0395124
internal_weight=1437.28 810.985 60.0702 626.296 594.115 326.664 750.915 303.586 32.1804 290.016 50.565 38.9528 700.35 671.396
internal_count=4204 1296 226 2908 2550 1765 1070 1413 358 1274 140 128 930 859
is_linear=0
shrinkage=0.05


end of trees

feature_importances:
ewma_event_count=57
ewma_avg_impact_score=49
zone_enc=45
corridor_enc=40
avg_impact_score=33
ewma_high_impact_count=32
avg_duration=31
event_count_trend=17
start_dow=16
hour_block=16
lag4_event_count=16
fog_pct=13
avg_visibility=13
high_impact_trend=9
roll3_event_count=9
avg_lane_block=8
tech_hub_pct=8
lag2_event_count=8
lag2_high_impact_count=7
peak_hour_pct=6
lag1_event_count=6
road_closure_pct=4
lag1_high_impact_count=2
lag4_high_impact_count=2
event_count=1

parameters:
[boosting: gbdt]
[objective: binary]
[metric: auc]
[tree_learner: serial]
[device_type: cpu]
[data_sample_strategy: bagging]
[data: ]
[valid: ]
[num_iterations: 32]
[learning_rate: 0.05]
[num_leaves: 15]
[num_threads: 16]
[seed: 42]
[deterministic: 0]
[force_col_wise: 0]
[force_row_wise: 0]
[histogram_pool_size: -1]
[max_depth: -1]
[min_data_in_leaf: 30]
[min_sum_hessian_in_leaf: 0.001]
[bagging_fraction: 0.8]
[pos_bagging_fraction: 1]
[neg_bagging_fraction: 1]
[bagging_freq: 0]
[bagging_seed: 400]
[bagging_by_query: 0]
[feature_fraction: 0.8]
[feature_fraction_bynode: 1]
[feature_fraction_seed: 30056]
[extra_trees: 0]
[extra_seed: 12879]
[early_stopping_round: 0]
[early_stopping_min_delta: 0]
[first_metric_only: 0]
[max_delta_step: 0]
[lambda_l1: 0.05]
[lambda_l2: 1]
[linear_lambda: 0]
[min_gain_to_split: 0]
[drop_rate: 0.1]
[max_drop: 50]
[skip_drop: 0.5]
[xgboost_dart_mode: 0]
[uniform_drop: 0]
[drop_seed: 17869]
[top_rate: 0.2]
[other_rate: 0.1]
[min_data_per_group: 100]
[max_cat_threshold: 32]
[cat_l2: 10]
[cat_smooth: 10]
[max_cat_to_onehot: 4]
[top_k: 20]
[monotone_constraints: ]
[monotone_constraints_method: basic]
[monotone_penalty: 0]
[feature_contri: ]
[forcedsplits_filename: ]
[refit_decay_rate: 0.9]
[cegb_tradeoff: 1]
[cegb_penalty_split: 0]
[cegb_penalty_feature_lazy: ]
[cegb_penalty_feature_coupled: ]
[path_smooth: 0]
[interaction_constraints: ]
[verbosity: -1]
[saved_feature_importance_type: 0]
[use_quantized_grad: 0]
[num_grad_quant_bins: 4]
[quant_train_renew_leaf: 0]
[stochastic_rounding: 1]
[linear_tree: 0]
[max_bin: 255]
[max_bin_by_feature: ]
[min_data_in_bin: 3]
[bin_construct_sample_cnt: 200000]
[data_random_seed: 175]
[is_enable_sparse: 1]
[enable_bundle: 1]
[use_missing: 1]
[zero_as_missing: 0]
[feature_pre_filter: 1]
[pre_partition: 0]
[two_round: 0]
[header: 0]
[label_column: ]
[weight_column: ]
[group_column: ]
[ignore_column: ]
[categorical_feature: ]
[forcedbins_filename: ]
[precise_float_parser: 0]
[parser_config_file: ]
[objective_seed: 16083]
[num_class: 1]
[is_unbalance: 0]
[scale_pos_weight: 14.8045]
[sigmoid: 1]
[boost_from_average: 1]
[reg_sqrt: 0]
[alpha: 0.9]
[fair_c: 1]
[poisson_max_delta_step: 0.7]
[tweedie_variance_power: 1.5]
[lambdarank_truncation_level: 30]
[lambdarank_norm: 1]
[label_gain: ]
[lambdarank_position_bias_regularization: 0]
[eval_at: ]
[multi_error_top_k: 1]
[auc_mu_weights: ]
[num_machines: 1]
[local_listen_port: 12400]
[time_out: 120]
[machine_list_filename: ]
[machines: ]
[gpu_platform_id: -1]
[gpu_device_id: -1]
[gpu_use_dp: 0]
[num_gpu: 1]

end of parameters

pandas_categorical:[]
